"Ano","Temperatura Media","Temperatura Media(sd)","entre0e1","maisde25mm"
1995,21.9386321549513,2.81320285033599,41.4009508716323,17.9603803486529
1996,21.4848906368836,3.32682706067955,51.8732171156894,16.7733755942948
1997,21.8329480245322,3.1804041412892,47.7812995245642,14.3724247226624
1998,21.9406644612912,3.24956735787748,53.2678288431062,15.3391442155309
1999,21.6787876585908,3.28003676948501,51.107765451664,12.675118858954
2000,21.7249073937283,3.4773069602294,48.0443740095087,16.6656101426307
2001,22.0582300934397,3.1983101664855,53.1251980982567,11.4960380348653
2002,22.7587233940498,3.1106068662391,46.1917591125198,12.6101426307448
2003,21.961753400226,3.20263496219708,43.6370839936609,12.6957210776545
2004,21.4580677016042,3.27331593479895,48.7099841521395,14.3724247226624
2005,22.0161570401604,2.94661495834205,50.5039619651347,13.5530903328051
2006,21.965505489369,3.07483441281371,44.7860538827258,16.1822503961965
2007,22.3638980913113,3.27350669483147,45.0633914421553,15.7654516640254
2008,21.6412033866028,2.83639444244557,55.4849445324881,14.8272583201268
2009,21.8123292431374,3.1636910491873,47.1315372424723,20.5007923930269
2010,21.8203067482019,3.19991301658285,44.7622820919176,12.8716323296355
2011,21.656001303856,3.22045537309223,42.9144215530903,17.6561014263074
2012,22.0652607293241,3.30027281920106,43.4659270998415,15.8098256735341
2013,21.4432643225485,3.15804073332338,48.7749603803487,12.9492868462758
2014,22.4577838724996,3.2028078427259,46.1600633914422,11.5784469096672
