"Ano","VTemporarias","VPermanente"
1995,13680875.3377261,5976836.23480883
1996,13591620.4049416,4878316.3123996
1997,13516733.5674181,4623917.15276357
1998,12900436.6440524,6178486.88842731
1999,11561584.0805485,5851968.87055801
2000,13674122.2553897,4455813.29788957
2001,16893710.2208393,8870503.52994039
2002,21144560.2331995,10047261.6998614
2003,21224215.5573342,9384524.22094603
2004,19495095.9830796,9608088.40161992
2005,18309634.9663136,8367006.21763154
2006,21087042.287867,9975411.92186499
2007,22879494.8009401,9667714.28232762
2008,23200370.7895958,9218990.7829526
2009,23885956.2022828,7480660.2663277
2010,25304160.9445405,10423534.3408781
2011,30754567.8256652,10420125.4335056
2012,32129575.8517486,8674835.9909089
2013,31992130.7546156,7381830.56657112
2014,28674030,8562053
